[0,1,2,3,4,5,6,7,8,9,10,11,12,13,14,15,16,17,18,19]  e
[6,7,0,1,2,3,4,5,8,9,10,11,12,13,14,15,16,17,18,19]	y1
[2,9,14,3,4,5,6,7,1,13,10,11,0,8,12,15,16,17,18,19]	r1
[0,1,4,10,16,5,6,7,8,3,15,11,12,13,2,9,14,17,18,19]	b1
[0,1,2,3,4,5,6,7,8,9,10,11,18,19,12,13,14,15,16,17]	w-1
[0,1,2,3,16,10,4,7,8,9,17,5,12,13,14,15,18,11,6,19]	o-1
[6,1,2,3,4,5,18,11,7,9,10,19,0,13,14,15,16,17,12,8]	g-1

[4,5,6,7,0,1,2,3,8,9,10,11,12,13,14,15,16,17,18,19]	s000
[6,7,2,9,14,3,4,5,1,13,10,11,0,8,12,15,16,17,18,19]	s001
[6,7,0,1,4,10,16,5,8,3,15,11,12,13,2,9,14,17,18,19]	s002
[6,7,0,1,2,3,4,5,8,9,10,11,18,19,12,13,14,15,16,17]	s003
[4,7,0,1,2,3,16,10,8,9,17,5,12,13,14,15,18,11,6,19]	s004
[18,11,6,1,2,3,4,5,7,9,10,19,0,13,14,15,16,17,12,8]	s005
[0,9,14,1,2,3,4,5,7,13,10,11,6,8,12,15,16,17,18,19]	s006
[14,13,12,3,4,5,6,7,9,8,10,11,2,1,0,15,16,17,18,19]	s007
[4,3,2,10,16,5,6,7,1,13,15,11,0,8,12,9,14,17,18,19]	s008
[2,9,12,3,4,5,6,7,1,19,10,11,0,8,18,13,14,15,16,17]	s009
[2,9,14,3,16,10,4,7,1,13,17,5,0,8,12,15,18,11,6,19]	s010
[2,9,14,3,4,5,18,11,1,13,10,19,6,7,0,15,16,17,12,8]	s011
[6,7,2,10,16,3,4,5,8,1,15,11,12,13,0,9,14,17,18,19]	s012
[2,9,4,10,16,5,6,7,1,3,15,11,0,8,14,13,12,17,18,19]	s013
[0,1,16,15,14,5,6,7,8,10,9,11,12,13,4,3,2,17,18,19]	s014
[0,1,4,10,14,5,6,7,8,3,13,11,18,19,2,9,12,15,16,17]	s015
[0,1,16,17,18,10,4,7,8,3,15,5,12,13,2,9,14,11,6,19]	s016
[6,1,4,10,16,5,18,11,7,3,15,19,0,13,2,9,14,17,12,8]	s017
[2,9,14,3,4,5,6,7,1,13,10,11,18,19,0,8,12,15,16,17]	s018
[0,1,4,10,16,5,6,7,8,3,15,11,18,19,12,13,2,9,14,17]	s019
[0,1,2,3,4,5,6,7,8,9,10,11,16,17,18,19,12,13,14,15]	s020
[0,1,2,3,16,10,4,7,8,9,17,5,6,19,12,13,14,15,18,11]	s021
[6,1,2,3,4,5,18,11,7,9,10,19,12,8,0,13,14,15,16,17]	s022
[6,7,0,1,16,10,2,5,8,9,17,3,12,13,14,15,18,11,4,19]	s023
[0,1,4,10,14,15,16,7,8,3,17,5,12,13,2,9,18,11,6,19]	s024
[0,1,2,3,14,10,4,7,8,9,15,5,18,19,12,13,16,11,6,17]	s025
[0,1,2,3,18,17,16,7,8,9,11,10,12,13,14,15,6,5,4,19]	s026
[6,1,2,3,16,10,4,11,7,9,17,5,0,13,14,15,12,19,18,8]	s027
[4,7,0,1,2,3,18,11,5,9,10,19,6,13,14,15,16,17,12,8]	s028
[6,9,14,3,4,5,18,11,7,13,10,19,2,8,12,15,16,17,0,1]	s029
[6,1,2,3,4,5,16,11,7,9,10,17,0,19,12,13,14,15,18,8]	s030
[4,1,2,3,16,10,6,5,7,9,17,19,0,13,14,15,18,11,12,8]	s031
[18,1,2,3,4,5,12,19,11,9,10,8,6,13,14,15,16,17,0,7]	s032
[2,3,4,5,6,7,0,1,8,9,10,11,12,13,14,15,16,17,18,19]	s033
[4,5,6,7,2,9,14,3,1,13,10,11,0,8,12,15,16,17,18,19]	s034
[16,5,6,7,0,1,4,10,8,3,15,11,12,13,2,9,14,17,18,19]	s035
[4,5,6,7,0,1,2,3,8,9,10,11,18,19,12,13,14,15,16,17]	s036
[16,10,4,7,0,1,2,3,8,9,17,5,12,13,14,15,18,11,6,19]	s037
[4,5,18,11,6,1,2,3,7,9,10,19,0,13,14,15,16,17,12,8]	s038
[4,5,0,9,14,1,2,3,7,13,10,11,6,8,12,15,16,17,18,19]	s039
[6,7,14,13,12,3,4,5,9,8,10,11,2,1,0,15,16,17,18,19]	s040
[6,7,4,3,2,10,16,5,1,13,15,11,0,8,12,9,14,17,18,19]	s041
[6,7,2,9,12,3,4,5,1,19,10,11,0,8,18,13,14,15,16,17]	s042
[4,7,2,9,14,3,16,10,1,13,17,5,0,8,12,15,18,11,6,19]	s043
[18,11,2,9,14,3,4,5,1,13,10,19,6,7,0,15,16,17,12,8]	s044
[4,5,6,7,2,10,16,3,8,1,15,11,12,13,0,9,14,17,18,19]	s045
[6,7,2,9,4,10,16,5,1,3,15,11,0,8,14,13,12,17,18,19]	s046
[6,7,0,1,16,15,14,5,8,10,9,11,12,13,4,3,2,17,18,19]	s047
[6,7,0,1,4,10,14,5,8,3,13,11,18,19,2,9,12,15,16,17]	s048
[4,7,0,1,16,17,18,10,8,3,15,5,12,13,2,9,14,11,6,19]	s049
[18,11,6,1,4,10,16,5,7,3,15,19,0,13,2,9,14,17,12,8]	s050
[6,7,2,9,14,3,4,5,1,13,10,11,18,19,0,8,12,15,16,17]	s051
[6,7,0,1,4,10,16,5,8,3,15,11,18,19,12,13,2,9,14,17]	s052
[6,7,0,1,2,3,4,5,8,9,10,11,16,17,18,19,12,13,14,15]	s053
[4,7,0,1,2,3,16,10,8,9,17,5,6,19,12,13,14,15,18,11]	s054
[18,11,6,1,2,3,4,5,7,9,10,19,12,8,0,13,14,15,16,17]	s055
[2,5,6,7,0,1,16,10,8,9,17,3,12,13,14,15,18,11,4,19]	s056
[16,7,0,1,4,10,14,15,8,3,17,5,12,13,2,9,18,11,6,19]	s057
[4,7,0,1,2,3,14,10,8,9,15,5,18,19,12,13,16,11,6,17]	s058
[16,7,0,1,2,3,18,17,8,9,11,10,12,13,14,15,6,5,4,19]	s059
[4,11,6,1,2,3,16,10,7,9,17,5,0,13,14,15,12,19,18,8]	s060
[18,11,4,7,0,1,2,3,5,9,10,19,6,13,14,15,16,17,12,8]	s061
[18,11,6,9,14,3,4,5,7,13,10,19,2,8,12,15,16,17,0,1]	s062
[16,11,6,1,2,3,4,5,7,9,10,17,0,19,12,13,14,15,18,8]	s063
[6,5,4,1,2,3,16,10,7,9,17,19,0,13,14,15,18,11,12,8]	s064
[12,19,18,1,2,3,4,5,11,9,10,8,6,13,14,15,16,17,0,7]	s065
[6,9,14,7,0,1,2,3,5,13,10,11,4,8,12,15,16,17,18,19]	s066
[2,13,12,9,14,3,4,5,7,8,10,11,6,1,0,15,16,17,18,19]	s067
[0,3,2,1,4,10,16,5,7,13,15,11,6,8,12,9,14,17,18,19]	s068
[0,9,12,1,2,3,4,5,7,19,10,11,6,8,18,13,14,15,16,17]	s069
[0,9,14,1,2,3,16,10,7,13,17,5,4,8,12,15,18,11,6,19]	s070
[6,9,14,1,2,3,4,5,11,13,10,19,18,7,0,15,16,17,12,8]	s071

e	y1	r1	b1	w-1	o-1	g-1
y1	s000	s006	s012	s003	s023	s028
r1	s001	s007	s013	s018	s010	s029
b1	s002	s008	s014	s019	s024	s017
w-1	s003	s009	s015	s020	s025	s030
o-1	s004	s010	s016	s021	s026	s031
g-1	s005	s011	s017	s022	s027	s032
s000	s033	s066
s001	s034	s067
s002	s035	s068
s003	s036	s069
s004	s037	s070
s005	s038
s006	s039
s007	s040
s008	s041
s009	s042
s010	s043
s011	s044
s012	s045
s013	s046
s014	s047
s015	s048
s016	s049
s017	s050
s018	s051
s019	s052
s020	s053
s021	s054
s022	s055
s023	s056
s024	s057
s025	s058
s026	s059
s027	s060
s028	s061
s029	s062
s030	s063
s031	s064
s032	s065


